       38,       38,  3.27868866920471    , -63.9344291687012
       38,       29, -3.19872069358826    ,  62.3750534057617
       29,       29,  10.6556165218353    , -141.743465341628
       29,       38, -3.19872069358826    ,  62.3750534057617
       29,       28, -6.08774995803833    ,  65.6607360839844
       29,       26, -1.44716334342957    ,  15.8680191040039
       37,       37,  1.11399936676025    , -43.0746383666992
       37,       25, -1.08682870864868    ,  42.0240402221680
       36,       36, 0.675593495368958    , -36.7522850036621
       36,       23,-0.675593495368958    ,  36.7522850036621
       35,       35,  0.00000000000000    , -69.9300689697266
       35,       22, -0.00000000000000    ,  68.2244567871094
       34,       34,  2.77085089683533    , -55.4170150756836
       34,       20, -2.74613571166992    ,  54.9227142333984
       20,       20,  6.38790631294250    , -126.710624694824
       20,       34, -2.74613571166992    ,  54.9227142333984
       20,       19, -3.45874071121216    ,  68.1866073608398
       33,       33,  3.46311759948730    , -70.2518157958984
       33,       19, -3.23655843734741    ,  65.6558990478516
       19,       19,  10.4674026966095    , -176.474754765630
       19,       20, -3.45874071121216    ,  68.1866073608398
       19,       33, -3.23655843734741    ,  65.6558990478516
       19,       16, -4.17961883544922    ,  50.9391059875488
       32,       32,  0.00000000000000    , -50.0000000000000
       32,       10, -0.00000000000000    ,  46.7289695739746
       31,       31,  0.00000000000000    , -40.0000000000000
       31,        6, -0.00000000000000    ,  37.3831748962402
       30,       30,  0.00000000000000    , -55.2486152648926
       30,        2, -0.00000000000000    ,  53.9010887145996
       28,       28,  7.98599517345428    , -86.0709789171815
       28,       29, -6.08774995803833    ,  65.6607360839844
       28,       26, -1.89824521541595    ,  20.9248428344727
       26,       26,  12.8033617734909    , -133.586527794600
       26,       29, -1.44716334342957    ,  15.8680191040039
       26,       28, -1.89824521541595    ,  20.9248428344727
       26,       25, -3.03740763664246    ,  30.6588325500488
       26,       27, -6.42054557800293    ,  67.4157333374023
       10,       10,  42.8954391479492    , -504.724908784032
       10,       32, -0.00000000000000    ,  46.7289695739746
       10,       13, -21.4477195739746    ,  230.562988281250
       10,       11, -21.4477195739746    ,  230.562988281250
       12,       12,  1.66873860359192    , -45.3688316345215
       12,       13,-0.839375555515289    ,  22.8205223083496
       12,       11,-0.839375555515289    ,  22.8205223083496
       13,       13,  31.0452928543091    , -351.627654768527
       13,       10, -21.4477195739746    ,  230.562988281250
       13,       12,-0.839375555515289    ,  22.8205223083496
       13,       14, -8.75316143035889    ,  98.2299194335938
       11,       11,  32.6272850036621    , -374.483482174575
       11,       10, -21.4477195739746    ,  230.562988281250
       11,       12,-0.839375555515289    ,  22.8205223083496
       11,        6, -10.3351535797119    ,  121.068946838379
       22,       22,  10.5534319877625    , -241.297283306718
       22,       35, -0.00000000000000    ,  68.2244567871094
       22,       23, -6.48508405685425    ,  103.761344909668
       22,       21, -4.06834793090820    ,  71.1960906982422
       23,       23,  8.94952809810638    , -168.699816197157
       23,       36,-0.675593495368958    ,  36.7522850036621
       23,       22, -6.48508405685425    ,  103.761344909668
       23,       24, -1.78885054588318    ,  28.4589862823486
       24,       24,  70.2663667201996    , -162.916925854981
       24,       23, -1.78885054588318    ,  28.4589862823486
       24,       16, -68.4775161743164    ,  134.672439575195
       21,       21,  8.44256162643433    , -144.755248188972
       21,       22, -4.06834793090820    ,  71.1960906982422
       21,       16, -4.37421369552612    ,  73.8148574829102
       16,       16,  95.9073653221130    , -476.045783601701
       16,       19, -4.17961883544922    ,  50.9391059875488
       16,       24, -68.4775161743164    ,  134.672439575195
       16,       21, -4.37421369552612    ,  73.8148574829102
       16,       15, -10.0930805206299    ,  105.416618347168
       16,       17, -8.78293609619141    ,  111.668762207031
       25,       25,  61.0268092155457    , -141.269838526845
       25,       37, -1.08682870864868    ,  42.0240402221680
       25,       26, -3.03740763664246    ,  30.6588325500488
       25,        2, -56.9290809631348    ,  69.9414443969727
       39,       39,  3.19488835334778    , -78.8971999883652
       39,        9, -1.59744417667389    ,  39.9361000061035
       39,        1, -1.59744417667389    ,  39.9361000061035
       27,       27,  10.7397694587708    , -124.614034250379
       27,       26, -6.42054557800293    ,  67.4157333374023
       27,       17, -4.31922388076782    ,  57.4789009094238
       18,       18,  16.5114593505859    , -195.573293752968
       18,       17, -10.3351535797119    ,  121.068946838379
       18,        3, -6.17630577087402    ,  74.6771469116211
       15,       15,  13.8895075321198    , -150.916154235601
       15,       16, -10.0930805206299    ,  105.416618347168
       15,       14, -3.79642701148987    ,  45.7680358886719
        9,        9,  3.33594369888306    , -66.5839569270611
        9,       39, -1.59744417667389    ,  39.9361000061035
        9,        8, -1.73849952220917    ,  27.4380569458008
        7,        7,  25.8205480575562    , -323.899632446468
        7,        6, -7.05882358551025    ,  108.235290527344
        7,        8, -18.7617244720459    ,  215.759841918945
        1,        1,  3.65450131893158    , -63.3675254881382
        1,       39, -1.59744417667389    ,  39.9361000061035
        1,        2, -2.05705714225769    ,  24.1557254791260
        5,        5,  40.6207556724548    , -548.843839207664
        5,        6, -29.4117641448975    ,  382.352935791016
        5,        4, -4.86381340026855    ,  77.8210144042969
        5,        8, -6.34517812728882    ,  88.8324890136719
        6,        6,  46.8057413101196    , -646.447118936107
        6,       31, -0.00000000000000    ,  37.3831748962402
        6,       11, -10.3351535797119    ,  121.068946838379
        6,        7, -7.05882358551025    ,  108.235290527344
        6,        5, -29.4117641448975    ,  382.352935791016
        4,        4,  12.4344408512115    , -200.981104455888
        4,        5, -4.86381340026855    ,  77.8210144042969
        4,       14, -4.71586847305298    ,  76.6328659057617
        4,        3, -2.85475897789001    ,  46.7741241455078
       17,       17,  23.4373135566711    , -289.922809958458
       17,       16, -8.78293609619141    ,  111.668762207031
       17,       27, -4.31922388076782    ,  57.4789009094238
       17,       18, -10.3351535797119    ,  121.068946838379
        8,        8,  26.8454021215439    , -331.727387879044
        8,        9, -1.73849952220917    ,  27.4380569458008
        8,        7, -18.7617244720459    ,  215.759841918945
        8,        5, -6.34517812728882    ,  88.8324890136719
       14,       14,  17.2654569149017    , -220.292521230876
       14,       13, -8.75316143035889    ,  98.2299194335938
       14,       15, -3.79642701148987    ,  45.7680358886719
       14,        4, -4.71586847305298    ,  76.6328659057617
        3,        3,  14.6906201839447    , -186.842986099422
        3,       18, -6.17630577087402    ,  74.6771469116211
        3,        4, -2.85475897789001    ,  46.7741241455078
        3,        2, -5.65955543518066    ,  65.7379150390625
        2,        2,  64.6456935405731    , -211.870614513755
        2,       30, -0.00000000000000    ,  53.9010887145996
        2,       25, -56.9290809631348    ,  69.9414443969727
        2,        1, -2.05705714225769    ,  24.1557254791260
        2,        3, -5.65955543518066    ,  65.7379150390625
